Pearson : 0.13731792286816547
Spearman : 0.14219870613243119