Pearson : 0.2400336430533761
Spearman : 0.22292755091861474